03238537940
03335185576
03345325293
03340559943
03362630516
03018544428
03215008415
03335408707
03210000078
03338544442
03150599972
03114480507
03215202765
03215001275
03005666660
03334681036
03351641114
03325556589
03225005975
03366631352
03015766630
03155555222
03327474786
03125000400
03199722113
03235173333
03355000107
03215274350
03009773622
03491420425
03325121241
03052614891
03069626364
03316044844
03366966797
03355876989
03008501601
03133345555
03115561232
03335777189
03335861883
03002822522
03055298405
03101777333
03465138316
03005009005
03335216131
03365701515
03009569055
03018546420
03005195694
03335189851
03218555691
03340108088
03012372115
03343966916
03005005998
03177672044
03175884443
03160530266
03455258555
03377602224
03335114880
03335736344
03125188342
03259016192
03316111167
03009547667
03225555150
03495819206
03455107100
03335103952
03315265858
03219500290
03455928228
03015505524
03345553235
03015050400
03015050400
03455899545
03335921109
03005170158
03335646237
03077195016
03455082703
03345666318
03125554421
03335554431
03121331119
03128644838
03334323336
03028554499
03455911747
03000447751
03335584425
03322342068
03245065871
03435396014
03335217510
03045388962
03315694208
03335597117
03205593004
03005362827
03335297929
03005673987
03275392512
03016062866
03005126210
03111195552
03007997974
03005008165
03358299709
03009330841
03005173620
03325192363
03005170410
03334975367
03155925575
03215235408
03425050087
03005517737
03084441985
03350656555
03455189636
03465862555
03318202820
03345684897
03335244029
03129329959
03109302850
03345068357
03005554735
03465400423
03149555170
03335763815
03078509997
03349118128
03333788548
03345484744
03009500805
03345527090
03335686101
03008411301
03060566959
03335105116
03339305669
03360054654
03455350999
03105500116
03351081999
03338488115
03185961606
03360499990
03175847474
03015381628
03335124667
03455262771
03215256991
03063950500
03335216598
03335276316
03008544900
03331210333
03008505451
03339221493
03325487574
03064444703
03008547707
03104107787
03332274466
03365777185
03445010376
03008381403
03009506146
03425636959
03207223242
03008500609
03365000901
03055554002
03006157000
03325009124
03367985654
03459651027
03001888090
03226444786
03331218453
03015645733
03216022828
03215326899
03005544298
03340519426
03345525940
03005761101
03336846765
03219690355
03219690755
03215000715
03328502070
03009282223
03365050746
03345636667
03008556396
03340520419
03015062284
03315337801
03025557858
03028560581
03215388884
03214028042
03234552759
03214028042
03234552759
03429569116
03439881762
03004635234
03345316706
03335175343
03335175343
03335175343
03125029000
03228556818
03365812254
03365812256
03444723749
03335382493
03142729921
03325434927
03111151512
03325104567
03175825462
03455586888
03345460888
03227964000
03215678911
03333768742
03339304118
03334217581
03219162530
03336677600
03346161612
03325196607
03045096330
03215001287
03425062911
03244612097
03335941012
03130004542
03338778480
03185450386
03454193559
03066777007
03323636306
03366688919
03007458755
03109503333
03339993827
03315474311
03352666000
03005556166
03345542455
03215363843
03215850766
03005047922
03245091420
03005055214
03159187895
03365812254
03100226436
03153032032
03218512113
03215156291
03364181499
03130520710
03165414747
03315690244
03348948351
03215230442
03318881380
03239221693
03239221693
03337775127
03349632555
03444458786
03422173916
03452212121
03065007219
03022463254
03425335175
03139112345
03181437123
03335107177
03455051374
03314404680
03132942000
03350528455
03128585844
03365666496
03105578033
03457226355
03218006282
03313555502
03235111339
03005777776
03000345000
03055788685
03005499006
03008546333
03115821307
03211001742
03335230877
03335114712
03335401757
03222539999
03125029098
03215055516
03068304587
03225115154
03018545911
03357865786
03121542668
03366225333
03228683886
03335439699
03222539999
03155571475
03315758648
03175115063
03135164304
03335140653
03327474786
03345011664
03215313051
03145798969
03366225333
03120387813
03345663968
03345546583
03134499956
03215551132
03005336424
03335883434
03145073868
03336899753
03197890036
03215556760
03000020603
03331527604
03003834012
03215003690
03018704442
03145775121
03105672120
03235891598
03009405885
03036667777
03005257047
03005257047
03462891793
03079770780
03341983200
03215400324
03346725557
03454260102
03008112258
03414888877
03005807732
03005565363
03215753679
03335545296
03365556227
03340002689
03171511208
03135215000
03218545659
03101117799
03219623679
03135871513
03413103869
03455924494
03005009178
03258490417
03235893192
03405151205
03261000459
03215578597
03158181283
03349671232
03325556227
03345405916
03366290853
03434333906
03315545726
03045320268
03129540095
03215007080
03215008090
03335105023
03335463004
03355947165
03453555550
03360606069
03345000518
03215161129
03211554155
03035512666
03018301254
03005903610
03335553358
03420925944
03045788383
03145335403
03005281115
03155414746
03127000009
03412220001
03361518215
03109365620
03160056067
03315371097
03137085200
03009507840
03339507840
03112233328
03175780803
03355271629
03335203353
03216661255
03145306364
03439991299
03435069854
03127000009
03325576596
03215284911
03345526744
03335346794
03085555155
03459281815
03125578692
03329967105
03135004610
03475375456
03314000459
03159990909
03159999009
03335486869
03215336633
03215507000
03357233399
03235019312
03008507145
03138304786
03215181618
03125083007
03067336525
03155103047
03005395497
03333342345
03005166585
03009891166
03335188774
03218570824
03325050100
03335155515
03213037868
03121549399
03335238089
03333113229
03145253484
03047000066
03008304752
03088389998
03008525606
03215359445
03331212360
03330527476
03331361449
03333113229
03150000006
03357777000
03335705050
03036225555
03008501601
03133345555
03047255145
03459596090
03015585456
03427272727
03365711926
03335119125
03049003388
03049003388
03235949093
03006505724
03215910000
03430631234
03340806336
03009573063
03338555951
03175534132
03236989892
03337877366
03115561232
03335368568
03136300005
03125197862
03125000792
03315127627
03315127627
03005324214
03223333990
03466102334
03367014825
03319996004
03126665797
03452936178
03340099287
03137770777
03008545452
03065553451
03207777677
03455557959
03235537655
03008600150
03315587811
03111461656
03455399243
03335108250
03155032109
03355012626
03215807659
03005752939
03420095518
03212526112
03445444447
03361679058
03318859575
03355027218
03060324133
03088959170
03361679058
03436160006
03044442444
03200501282
03335444341
03215065718
03445120100
03475557891
03076261219
03315756238
03440011260
03005227414
03340005944
03008537045
03338515000
03208847766
03455113567
03125107735
03125591157
03005814589
03234010242
03182229668
03171497240
03005421113
03000768384
03335150606
03315456282
03225555150
03329447757
03337833338
03345807282
03000522000
03040068309
03322780000
03005421113
03315859113
03188210316
03006044369
03357133377
03335947019
03215177827
03331531300
03146700018
03003181885
03335555163
03350707040
03335193878
03008445868
03435181607
03322345786
03099199999
03345565315
03365065844
03105042348
03325493735
03459733786
03340575816
03195228291
03004386550
03005195835
03005351948
03005544298
03005556166
03005844110
03008506084
03008568945
03018546420
03035636363
03055021515
03126943756
03145278200
03175240438
03211001742
03214162828
03215141657
03215174941
03215365755
03218552470
03234761838
03245017668
03315265858
03333334716
03333777789
03335100506
03335113993
03335155037
03335455111
03335521688
03362630516
03455245628
03455928228
